1000 1000
830 732 430090447
733 51 964139324
267 890 -32527015
524 807 -36756763
950 713 825686505
214 276 -110762173
467 493 -929957612
980 308 696813928
124 177 -375296916
306 559 813944519
490 37 -706071561
532 734 954268267
991 522 -825531923
723 752 242409774
34 148 -592996092
468 365 762494866
225 475 815112088
68 654 -165937561
321 888 725912476
281 475 -970975145
699 607 -908899714
96 623 949925810
127 767 -590295917
795 794 -569797405
781 882 479554418
271 802 -770722450
695 149 -561129786
17 114 -360424550
17 861 789584351
20 644 -321747328
733 362 842463502
133 302 216494675
375 365 335327819
100 428 -272854657
578 539 -746415925
574 521 -138934949
17 388 374154844
234 545 -80427086
957 419 -688500829
411 172 760524345
957 10 -398852004
130 194 -747353804
872 729 646978232
102 838 -586309174
437 525 258134636
337 983 450873199
661 638 -682599856
522 820 725388450
78 346 -119159862
155 505 329433636
462 254 -920046500
922 184 -487866055
644 428 771479071
908 711 -782968096
348 645 871403087
772 460 -439274513
531 586 -238055447
866 59 -509570839
545 268 814838399
735 781 -617815905
566 517 -180670842
994 223 437221358
497 80 -97470984
572 933 153880565
588 82 159201637
787 320 -23350729
389 148 -58702306
66 553 965543928
836 718 -926519898
967 27 -770506778
331 414 381518802
482 554 -226793093
127 92 -828290102
700 138 223710722
712 179 -556152844
57 238 957295434
433 659 -491359509
916 518 -571536109
748 580 436596130
72 120 -308541112
99 942 541364291
442 720 973827257
877 665 -208510925
819 931 215607730
861 748 -359670114
409 256 -869451698
474 763 479425547
351 407 344637565
284 365 105700622
431 948 680888247
240 495 -168179141
984 733 205694655
867 63 -342094077
38 542 -988984017
944 882 593187284
638 393 554666891
247 63 318648257
71 748 -578980558
169 414 -633630156
93 886 748911751
117 306 121598421
973 143 -10487186
131 117 597749645
450 402 -212875716
873 204 -265087453
604 535 991885805
765 664 -834234743
172 764 144478774
533 683 -645653607
178 723 472479782
829 313 -957804931
542 182 24316878
472 595 -715486174
649 372 964079864
592 141 24905562
466 202 -609055131
365 247 -319921525
312 851 -38976559
233 472 366137153
256 497 -88895789
762 869 -73265085
914 440 -140852943
790 758 50732887
800 391 219428463
666 364 -312577192
852 243 263506618
961 106 765037338
710 799 -715170911
402 406 908613243
679 483 -469567316
71 454 -932518791
785 916 -62087067
355 493 -421795329
658 666 -670725480
115 237 60351386
41 609 825125816
884 21 569668722
841 475 -759548772
876 438 -201575659
108 363 -698771901
25 273 -666828901
352 593 -652140076
808 105 272885614
112 233 -25973083
427 419 -916804208
785 293 -472156096
746 921 251945146
578 546 415226251
3 10 670759975
729 55 178286638
126 530 -712770819
418 988 -658110299
994 570 -703205749
70 106 -603079400
524 574 147144296
793 979 628496743
510 595 317525394
583 820 -835323350
419 704 581520377
66 844 -985860853
72 903 998277865
22 340 -389732644
993 158 878322761
889 974 404075417
881 139 104664666
855 346 -690941133
1 204 192005107
529 360 -558977715
603 102 44386335
101 656 -449506289
954 525 -926260765
985 182 308584504
162 812 645375005
495 703 -81492730
754 611 330628020
162 591 432002010
869 681 -273641670
275 813 -999022380
237 267 -106222083
118 625 -987292383
597 103 54106944
156 609 -794888127
423 770 -833695729
532 562 906210031
707 994 748266184
716 728 -94495869
909 945 944361393
51 58 36055140
368 387 -67291791
79 121 23477595
125 712 -281709675
787 302 -791491385
575 535 488166847
264 795 -283112962
729 302 -789987050
368 139 -46737970
355 640 -466188754
143 550 -671418067
222 706 920963640
325 17 133166973
825 24 390043440
703 231 -634301951
874 953 -930470114
324 419 940797523
62 86 575244883
80 370 987734191
345 637 11381470
966 91 443932913
360 780 38187545
318 263 603298880
746 869 -219152767
216 451 122642369
270 86 93748770
77 47 881475515
420 58 -643836574
857 439 -858668417
955 768 883844229
228 693 -311824386
312 919 363886999
767 727 862359365
116 369 -346359661
100 670 -188246665
165 392 -780228413
972 57 55951133
286 713 -525573255
362 332 103265396
411 32 -651513453
291 755 62606939
263 484 -550315262
53 991 67405242
163 465 506641148
221 377 -258854053
317 915 105047734
285 259 -617450047
13 460 -511937947
9 529 -912373975
42 728 435179429
206 867 -589178193
707 828 -548458246
158 439 -595620957
421 645 992499222
740 890 -930546836
929 935 -257824944
198 165 -904470624
44 277 767760644
615 969 632691883
956 664 450610941
437 69 842911344
850 749 17761853
196 312 254144815
309 395 -489167363
569 785 -300312506
389 662 -33977572
749 646 -952016004
954 958 -413841875
350 718 447365704
744 670 347513297
112 622 693277505
806 88 194686486
368 632 158285936
569 67 440413703
899 345 979658941
807 894 -14262341
309 745 576016065
656 554 580104369
431 543 422552039
478 657 -935891152
621 57 -386521770
499 700 -189740871
521 398 -687727710
554 202 -315805002
817 957 -608358625
955 702 638177900
623 832 -261438265
585 664 -321238648
482 887 548146935
896 249 480917253
595 575 963107505
958 95 979801547
339 422 111565172
434 397 -454779596
326 322 -432064282
97 93 -185488378
406 474 -55301988
885 698 966654313
167 840 570756772
35 990 -727451028
27 393 180541482
763 821 -332610096
710 515 494696839
473 269 -779125379
807 481 -635972227
446 250 -996080531
158 668 70846638
343 648 933578589
252 691 665878363
759 56 -481527803
190 200 -97788071
963 249 -708010859
227 407 -456740886
789 994 623108718
275 82 -634685001
286 956 808815782
777 705 -988486400
583 412 702388315
930 831 -968261710
828 162 639065151
632 739 -7921655
744 20 543851992
461 467 -596759610
104 754 -859076820
82 438 -285461865
256 715 438774920
274 427 -946411209
182 723 -357824748
442 915 -518746160
128 143 932187693
433 262 675628456
594 488 228974852
648 906 36325891
716 877 728936352
830 351 878152091
908 221 -681040558
931 739 407345218
620 825 118212427
337 879 591759034
348 202 -602504775
986 329 372672235
292 61 474807324
19 277 552964758
548 77 -742649258
186 388 -123320090
695 28 -932620810
640 981 911058637
492 264 74388517
925 87 -496804334
915 380 -75285465
437 711 277231959
797 40 -970315799
8 390 -487228174
592 496 -346643120
72 748 -517020212
18 171 147919893
924 578 -850959656
564 497 -635802985
611 523 89979385
592 60 561215837
377 775 903748774
485 146 942618146
113 2 -37179647
126 984 -338111792
7 268 -949246739
713 561 -305379511
361 862 -236732563
334 467 -693460001
272 541 809897005
148 785 -852734442
500 20 610879502
950 207 944012082
246 566 107795589
515 742 -485531007
767 768 973770828
418 519 -47795769
291 366 -529049852
889 513 806586720
79 706 386020474
324 369 -218485113
770 103 514240678
271 300 734532729
165 230 -848336695
788 735 114152671
340 659 126659874
989 319 -918461834
585 853 -805722637
329 724 -528826002
670 752 769685908
134 929 -191029429
563 526 -313610782
128 347 4140028
761 69 -487915102
380 765 78864082
447 360 270095538
661 304 -85679542
844 441 -98534593
73 573 460652839
531 983 469571665
32 774 830416983
13 51 -231747006
455 791 -840484906
885 132 -821441874
788 524 334354675
408 178 -354532814
559 288 -86966879
900 518 -90231092
660 139 350997600
861 162 -183617356
291 394 -492252490
949 989 941883510
393 649 -360164262
417 533 -478041482
178 805 -391858224
423 605 791561909
779 530 -174638796
891 890 -622283297
736 760 902160505
859 529 871274609
860 350 39917831
127 976 -916436943
730 222 719792329
553 909 973497823
126 907 -614531584
11 740 -505552570
14 466 -127750596
593 693 266033749
446 572 483348593
255 161 -558745792
10 225 192266171
730 494 312048013
775 920 729846933
153 886 -286949661
382 927 -933115853
859 180 321294154
465 658 -734996171
523 371 -855614712
789 90 104039165
845 842 625409613
463 755 254702869
52 222 -706318482
99 821 -484972738
720 973 -593528072
275 524 299247117
232 284 552909007
440 143 -299614366
939 173 -748724023
430 306 -832430638
403 405 -898162466
300 574 915646804
753 524 619434824
26 764 300028371
667 958 301007666
839 414 137886259
912 738 -635588764
448 465 -644931447
635 465 -146083305
296 568 525264931
730 607 281337441
467 247 -365333037
809 670 -365242987
906 522 144537196
999 838 882727688
617 239 -46972772
678 586 -297199366
726 5 105121229
26 618 -440244118
256 117 75498633
663 413 -946877088
289 559 624233811
265 425 -529299419
54 533 252196613
527 283 216770267
443 857 165668298
161 84 -159109197
679 88 -240364885
94 401 965194815
906 424 178337726
451 357 86967722
575 563 -774982050
588 739 625875930
1 875 866727849
187 501 -428770450
641 601 239361316
167 797 959965461
271 790 -700392398
1 399 -568423515
231 818 448968937
991 277 865131437
804 101 -5927344
339 492 -45921337
621 232 -319441034
600 104 847767147
881 334 317860672
73 372 -269138049
302 773 -14140389
208 828 899836912
819 676 -610614393
246 660 913206726
857 469 -286351111
62 448 658869435
988 334 -175457246
731 536 -16114431
103 572 315932363
36 35 -481516094
679 181 -861093696
626 599 -788459870
951 156 597936324
353 714 -955722612
535 239 -809717014
606 915 -892326806
32 869 571200735
341 512 168452158
841 850 -823475358
192 653 168555456
460 700 397317305
986 266 476721930
524 652 -634057026
498 423 576138547
241 824 -694503592
307 909 784340047
384 377 606995523
874 925 -339403285
370 604 -184518851
529 70 -387793935
444 487 -946225404
740 224 346264372
522 366 -405665812
24 224 488000352
106 875 421428051
728 329 -185469470
888 925 116904987
357 264 -18969800
438 800 -177608265
372 760 -93644148
852 179 150047699
5 510 -361671056
491 202 934411850
317 545 -338697034
675 11 -404998314
531 781 927122384
487 446 -181381434
153 652 -5478371
619 622 696514098
973 699 424856834
294 513 956269785
162 815 -520778189
415 755 129225093
693 936 538927649
529 482 -567817079
460 512 135941068
909 848 -921026671
511 970 -232565448
136 884 -789889865
164 187 809293778
500 931 -215734321
756 944 779639240
468 657 -839290679
563 171 754199879
239 160 -644990535
161 323 -12510023
103 613 811268577
779 138 130980018
547 28 -86700191
745 713 924483681
270 337 133115296
851 576 -447885255
63 427 72445981
411 435 808820217
475 771 301287247
911 34 -54685866
696 828 789250552
14 252 -451270016
139 864 -256817416
533 106 365888834
464 129 -625538476
983 213 -630631343
50 385 679947110
42 7 581775851
721 848 -130312331
702 547 -773595776
601 388 110121441
316 596 -670245271
443 133 232191504
597 905 -547690686
576 137 -571374194
792 359 -517990816
50 740 -161637561
905 563 579435346
95 123 -296454809
888 17 712270224
238 748 693978937
401 330 -200513668
4 19 706567717
470 139 369201301
517 235 -486358098
524 66 -549298806
990 979 -845949734
825 364 -779468033
435 570 -856559733
871 480 -334296987
744 667 -148138930
971 599 -196880373
138 240 -801138805
961 18 709091676
480 541 -511501120
624 339 690296535
884 490 -218948932
844 178 97289964
371 197 398384730
431 258 987272249
950 289 -693040094
21 373 25298166
958 556 610929627
748 627 -424977050
961 914 876480646
499 642 465069479
835 497 86817478
972 411 824708171
133 510 808820230
14 637 -495380805
465 51 539973417
152 769 888338166
154 238 646621909
356 129 -835302347
161 554 -524223636
534 920 808192794
46 822 -625452958
962 46 244186706
845 560 388115663
375 192 -601201507
188 2 -26662780
939 749 768529752
928 113 -479826737
118 581 -257294690
814 275 947298853
798 994 745494236
397 463 976795796
709 372 670218630
771 545 48715803
158 525 901882484
877 757 378405644
538 870 -478325268
208 128 -781658868
71 697 -215756375
324 682 433166502
318 895 -613801855
442 494 799664449
477 204 -854711317
176 647 513595826
425 844 -412050781
891 403 369695859
996 15 677642975
841 143 -209375294
369 904 933696930
110 38 -44427822
976 425 100196211
399 119 956443649
7 578 -115280303
742 929 -668223889
588 719 23016464
9 889 -267566910
690 440 -997060022
114 545 241878408
352 638 747589296
680 253 443860940
443 858 2913750
75 26 61918144
256 759 -894130492
495 60 656692662
960 624 -274942015
379 260 165846237
370 50 739168287
998 813 68210326
15 573 -427418832
818 714 766432138
247 910 522709568
614 453 986267468
549 87 -921413420
433 238 205601340
863 526 -907171653
38 768 -608997707
778 173 7196400
503 489 86337553
458 556 45345929
707 614 69121689
765 116 -516186286
286 124 -965623986
267 804 756467326
650 865 520511586
796 657 768081302
492 363 -978609386
568 113 -640872120
334 797 -216248136
240 657 -401161865
774 929 895136224
164 919 -762073962
728 710 496608111
538 848 -712082410
279 417 700996155
473 367 169935213
720 875 -589425502
535 258 -839065369
309 802 307235770
465 8 -484441868
439 618 94597144
810 820 16030155
787 25 -628675748
653 452 -985183089
406 955 -601866552
148 19 578042134
858 989 10790075
171 218 -904907091
218 772 -570229435
473 881 -501814142
877 89 -74450246
498 876 289358116
347 754 216953531
101 24 -718345084
4 271 -456972656
598 108 -27824439
600 212 -104101936
114 236 993949360
78 363 141989518
940 306 351472592
542 991 -739275916
94 301 -499936026
906 474 705646696
111 886 162362003
817 455 -174074986
320 381 -819489153
857 949 656329494
476 116 -927443505
27 515 398891124
513 155 513401483
55 835 -457833492
380 887 126751351
432 555 -608362489
887 959 977410758
284 18 839214303
388 712 231530241
236 309 678549118
558 421 723883617
781 699 914151581
899 692 -293345951
50 590 -442318178
399 230 -193515058
42 548 -686496771
238 949 675634971
607 407 -53746276
50 753 907882990
865 877 -763049754
926 906 251950296
93 873 103730442
35 841 396150985
866 56 -478077825
346 598 -412301567
231 80 860544077
841 644 889758904
299 78 -667675745
93 785 455500860
895 174 391731401
293 431 -972701516
791 338 315735263
234 557 29289701
509 132 -954021611
242 272 -722945250
602 555 -177150858
209 696 884326196
140 689 -583409899
395 837 -110793817
74 305 -773592549
875 342 219353026
606 33 -127144315
272 966 862445844
275 885 804112623
54 302 476005650
111 908 54458880
90 801 142314210
572 811 758671667
312 316 568165229
646 359 -763826600
255 285 954106317
443 957 91349237
554 513 496357293
527 757 -730506804
712 974 -860184718
805 705 762523115
61 191 7234518
387 986 221670429
564 62 -945059825
332 233 -550258825
613 32 -79347867
323 201 -499324564
248 654 248031551
834 475 472623233
263 999 -16069397
806 785 -3684212
471 227 957243139
509 151 -903441899
867 742 113421867
592 395 -549985522
891 296 -909844198
525 665 -464702868
558 713 32281496
467 248 185340868
455 490 -437666375
5 447 -854197636
40 477 948063054
938 812 674155353
153 207 476456626
108 172 -324141541
546 751 685927414
994 722 -593541855
127 845 579388605
218 934 -500819402
898 899 -159403025
700 524 -244521156
393 381 310450813
656 140 631097985
191 347 -338625713
306 33 863260229
742 509 -100776851
544 332 -545161631
89 779 -679819611
816 888 -455121579
105 336 -789391606
923 754 -466608606
948 188 539703092
141 768 928618294
447 615 783182929
390 782 217301412
382 14 -364938579
510 75 -146712708
68 731 -920690348
545 691 430551235
822 641 -10427293
383 791 -669992010
121 240 -525565492
52 8 -403731526
599 81 449451450
732 37 337886238
424 302 552131395
799 901 246882735
450 895 -292407198
425 854 70148461
884 915 300175900
254 327 -38550337
433 742 -369904527
37 420 205832945
713 830 59130865
567 90 685432493
138 856 598965137
717 558 417602861
658 424 827090830
672 322 704747068
652 469 917560108
990 193 -750587679
203 913 -277131337
771 504 356053223
699 395 666845229
56 91 96421729
876 525 700456220
389 908 -130808187
613 856 406550481
439 770 192520972
876 506 -241364625
624 390 -948447162
247 640 486669150
128 68 562720024
766 433 965723160
691 155 -99928017
220 753 -38678701
407 627 -682934970
618 64 111054855
636 155 187735041
946 773 119216242
281 165 187698167
194 971 -914713350
507 132 -51441237
880 779 -279460304
359 320 230126893
908 590 -84924948
219 407 301529430
793 364 963204795
315 911 94029704
29 877 -339149016
728 272 878991619
691 521 -17971932
894 584 755743412
736 366 -107050416
699 218 -566589804
886 460 174519414
400 40 468872804
676 86 649975055
992 489 -963266586
589 474 -88646734
909 945 -453336362
76 424 -170038423
525 171 -315623530
437 621 111081219
184 174 -434360517
600 649 -21893248
815 661 862452487
693 732 338128037
387 391 49683836
83 902 -552552094
248 988 50101487
16 641 -205559224
81 692 456982085
740 975 296213362
851 493 -635926863
425 481 -778557954
64 407 727838073
995 857 -83842271
167 855 608303808
19 217 -939097619
859 928 175209437
820 99 966894997
706 403 -978058805
168 804 -874615253
592 531 -689011453
90 496 -885270345
258 369 683216797
184 339 757780679
511 414 956103540
619 875 54804899
797 432 -226444017
366 559 747049371
11 541 -475037878
754 580 948501789
83 410 997024329
512 922 70003398
762 684 8528692
149 438 138602217
72 51 511892996
731 237 377455796
820 9 812517707
492 393 1037581
270 751 474361091
41 9 -859497096
90 814 -726092262
430 584 808220621
367 361 -734646499
294 233 133522646
724 621 -538135818
902 701 -372068886
286 336 -855228739
286 450 -32387707
429 667 -680930822
443 32 795079300
369 131 685625537
181 610 134792111
714 462 623343163
755 974 -707160626
584 709 357909217
410 904 314986128
945 321 946730741
481 573 205923512
403 630 -464488603
904 178 907715495
718 99 -848227615
384 235 484173897
112 659 986646889
559 529 -635516773
22 405 714933621
730 810 100799877
816 100 -158928368
422 719 -196730262
716 771 -116616806
1 638 142032050
995 782 575596915
468 551 144797865
527 162 -692702868
243 551 -841061584
147 749 -623674895
719 308 149225758
213 864 500337122
927 101 -271777214
983 202 -758516221
89 325 -79165156
346 273 284584029
514 140 2933442
826 487 -479347721
529 546 -746691648
519 87 -599112438
38 841 -889552454
331 479 -93331330
188 251 662504598
764 58 452969434
25 298 -231845757
211 917 111364222
398 867 -819914826
671 51 951808251
625 654 -848990422
497 311 137754617
13 328 -140877304
383 229 -120790833
31 988 759232490
971 495 -774533420
388 289 -967763640
578 992 373870687
51 469 568487102
813 573 -996653772
816 2 -280260468
223 305 -456044621
490 746 -935136881
20 802 146572020
848 907 586655791
670 334 80148605
224 974 -698917327
101 649 656762553
666 732 413232022
